1 0.5625 0.7625 0.62890625 0.9236111111111112 0.55859375 0.9694444444444444 0.503125 0.8083333333333333
1 0.60078125 0.6263888888888889 0.66328125 0.7416666666666667 0.61640625 0.8138888888888889 0.54765625 0.6791666666666667
1 0.6296875 0.5541666666666667 0.68671875 0.6472222222222223 0.64296875 0.6930555555555555 0.58359375 0.5902777777777778
1 0.64765625 0.4486111111111111 0.703125 0.5319444444444444 0.6734375 0.5972222222222222 0.60234375 0.49444444444444446
1 0.6640625 0.39166666666666666 0.7171875 0.44722222222222224 0.69609375 0.5111111111111111 0.6328125 0.43194444444444446
1 0.67421875 0.32083333333333336 0.7328125 0.3763888888888889 0.71015625 0.42916666666666664 0.65 0.3638888888888889
1 0.690625 0.26944444444444443 0.746875 0.32083333333333336 0.725 0.3680555555555556 0.66484375 0.30694444444444446
1 0.70625 0.23055555555555557 0.7640625 0.2777777777777778 0.74296875 0.3138888888888889 0.6828125 0.2625
1 0.71875 0.19027777777777777 0.7671875 0.225 0.7578125 0.2625 0.70078125 0.22083333333333333
1 0.4828125 0.7819444444444444 0.50625 0.875 0.37890625 0.9513888888888888 0.3671875 0.8375
1 0.60625 0.3902777777777778 0.62265625 0.44027777777777777 0.5453125 0.48333333333333334 0.5296875 0.4305555555555556
1 0.63125 0.33611111111111114 0.64609375 0.37916666666666665 0.56640625 0.4152777777777778 0.55546875 0.3638888888888889
1 0.6515625 0.275 0.66640625 0.3236111111111111 0.58671875 0.3527777777777778 0.575 0.2972222222222222
1 0.6625 0.23333333333333334 0.678125 0.2791666666666667 0.60234375 0.29583333333333334 0.59375 0.25833333333333336
1 0.684375 0.19722222222222222 0.69140625 0.24166666666666667 0.6296875 0.24861111111111112 0.6234375 0.20833333333333334
1 0.31484375 0.3472222222222222 0.3421875 0.4166666666666667 0.3015625 0.45416666666666666 0.28203125 0.37083333333333335
1 0.35625 0.29583333333333334 0.3796875 0.3638888888888889 0.3421875 0.3888888888888889 0.31875 0.32083333333333336
1 0.39140625 0.24861111111111112 0.4171875 0.30694444444444446 0.384375 0.3416666666666667 0.3578125 0.2791666666666667
1 0.41875 0.20833333333333334 0.44453125 0.25833333333333336 0.41328125 0.2833333333333333 0.38671875 0.2375
1 0.4453125 0.16666666666666666 0.4734375 0.2125 0.4421875 0.24444444444444444 0.4140625 0.2013888888888889
1 0.46875 0.1375 0.49609375 0.18194444444444444 0.46953125 0.20833333333333334 0.43984375 0.16666666666666666
1 0.1890625 0.3819444444444444 0.2125 0.4847222222222222 0.159375 0.5055555555555555 0.14765625 0.4125
1 0.2390625 0.3347222222222222 0.2609375 0.4125 0.2171875 0.4361111111111111 0.196875 0.3527777777777778
1 0.28515625 0.28194444444444444 0.30546875 0.35694444444444445 0.26484375 0.37777777777777777 0.246875 0.31527777777777777
1 0.31875 0.2361111111111111 0.33984375 0.30416666666666664 0.3015625 0.31666666666666665 0.2859375 0.25555555555555554
1 0.35078125 0.19444444444444445 0.375 0.2611111111111111 0.34375 0.2791666666666667 0.3203125 0.21944444444444444
1 0.3765625 0.1638888888888889 0.4078125 0.21666666666666667 0.37421875 0.24305555555555555 0.3515625 0.18472222222222223
1 0.4125 0.1361111111111111 0.4328125 0.17916666666666667 0.41015625 0.20555555555555555 0.38359375 0.1527777777777778