0 0.475 0.8513888888888889 0.57890625 0.9083333333333333 0.60546875 0.8083333333333333 0.475 0.7305555555555555
0 0.4234375 0.7055555555555556 0.52421875 0.7486111111111111 0.54296875 0.6666666666666666 0.42734375 0.6097222222222223
0 0.38359375 0.6027777777777777 0.4734375 0.6333333333333333 0.4890625 0.5597222222222222 0.384375 0.5083333333333333
1 0.35390625 0.5125 0.42421875 0.5361111111111111 0.44765625 0.4638888888888889 0.3484375 0.4222222222222222
0 0.31875 0.4166666666666667 0.396875 0.4388888888888889 0.409375 0.3861111111111111 0.32109375 0.35
0 0.3 0.3472222222222222 0.36328125 0.36527777777777776 0.38828125 0.30833333333333335 0.3046875 0.275
0 0.26796875 0.2763888888888889 0.33984375 0.29305555555555557 0.3515625 0.2513888888888889 0.26796875 0.21666666666666667
0 0.246875 0.22083333333333333 0.3109375 0.23472222222222222 0.32265625 0.19027777777777777 0.253125 0.15694444444444444
0 0.23515625 0.16805555555555557 0.29296875 0.18055555555555555 0.30703125 0.14583333333333334 0.2421875 0.11666666666666667
1 0.2171875 0.125 0.27265625 0.13472222222222222 0.284375 0.09027777777777778 0.22421875 0.07083333333333333
0 0.5875 0.6638888888888889 0.5703125 0.75 0.6625 0.7916666666666666 0.67578125 0.6930555555555555
0 0.4953125 0.625 0.58984375 0.6736111111111112 0.60625 0.5847222222222223 0.5125 0.5513888888888889
0 0.47109375 0.5291666666666667 0.54921875 0.5583333333333333 0.565625 0.48194444444444445 0.48359375 0.45
0 0.42421875 0.44027777777777777 0.50859375 0.4638888888888889 0.52578125 0.39444444444444443 0.4453125 0.36666666666666664
0 0.396875 0.36527777777777776 0.4765625 0.38472222222222224 0.4921875 0.3236111111111111 0.4078125 0.3
0 0.36953125 0.2916666666666667 0.4421875 0.3125 0.46015625 0.25555555555555554 0.378125 0.23194444444444445
0 0.34765625 0.2388888888888889 0.40546875 0.2513888888888889 0.425 0.21388888888888888 0.36015625 0.18333333333333332
0 0.315625 0.18055555555555555 0.3828125 0.1986111111111111 0.40234375 0.15555555555555556 0.3359375 0.12222222222222222
0 0.29921875 0.13194444444444445 0.34921875 0.14583333333333334 0.36875 0.10833333333333334 0.3078125 0.09027777777777778
0 0.27265625 0.08888888888888889 0.328125 0.10555555555555556 0.3421875 0.06388888888888888 0.284375 0.04861111111111111
0 0.92109375 0.49166666666666664 0.92265625 0.5847222222222223 0.84609375 0.5736111111111111 0.84921875 0.4736111111111111
0 0.79296875 0.3763888888888889 0.78515625 0.4625 0.8421875 0.4875 0.84765625 0.3888888888888889
0 0.73828125 0.30972222222222223 0.79140625 0.3277777777777778 0.78515625 0.4263888888888889 0.73046875 0.4083333333333333
0 0.68828125 0.25416666666666665 0.67421875 0.33611111111111114 0.7265625 0.35138888888888886 0.7390625 0.2625
0 0.64375 0.19027777777777777 0.62578125 0.2652777777777778 0.6765625 0.2847222222222222 0.690625 0.20972222222222223
0 0.6078125 0.14444444444444443 0.59375 0.21666666666666667 0.6296875 0.2388888888888889 0.65 0.16111111111111112
0 0.5734375 0.09861111111111111 0.55390625 0.15416666666666667 0.590625 0.18055555555555555 0.6125 0.11944444444444445
0 0.54140625 0.0625 0.5234375 0.11944444444444445 0.5546875 0.14722222222222223 0.58203125 0.07083333333333333
0 0.5109375 0.013888888888888888 0.49140625 0.075 0.528125 0.10694444444444444 0.54921875 0.034722222222222224
0 0.89140625 0.40555555555555556 0.88984375 0.4638888888888889 0.9734375 0.5027777777777778 0.984375 0.4125
0 0.83203125 0.38333333333333336 0.90546875 0.4111111111111111 0.91328125 0.3388888888888889 0.834375 0.32083333333333336
0 0.77890625 0.2569444444444444 0.775 0.31666666666666665 0.86015625 0.3333333333333333 0.86328125 0.26666666666666666
0 0.72578125 0.19444444444444445 0.72421875 0.25 0.8015625 0.2652777777777778 0.803125 0.19722222222222222
0 0.678125 0.14722222222222223 0.67734375 0.19722222222222222 0.74453125 0.20833333333333334 0.74609375 0.14583333333333334
0 0.63984375 0.09444444444444444 0.63984375 0.15416666666666667 0.71015625 0.16111111111111112 0.715625 0.10138888888888889
0 0.6078125 0.06111111111111111 0.60859375 0.1125 0.66875 0.11666666666666667 0.66953125 0.059722222222222225
0 0.57265625 0.019444444444444445 0.571875 0.07083333333333333 0.6375 0.07361111111111111 0.64140625 0.016666666666666666
0 0.87890625 0.12638888888888888 0.87734375 0.20694444444444443 0.9234375 0.2125 0.92265625 0.11666666666666667
0 0.82734375 0.07916666666666666 0.82578125 0.14583333333333334 0.8734375 0.15694444444444444 0.8734375 0.07777777777777778
0 0.78515625 0.05416666666666667 0.78125 0.1125 0.8265625 0.12222222222222222 0.83125 0.04583333333333333