1 0.50078125 0.7916666666666666 0.5671875 0.9319444444444445 0.5078125 0.9833333333333333 0.45078125 0.8361111111111111
1 0.5453125 0.7013888888888888 0.6109375 0.8138888888888889 0.55859375 0.8736111111111111 0.49140625 0.7513888888888889
0 0.56171875 0.5930555555555556 0.62421875 0.6930555555555555 0.5890625 0.75 0.5203125 0.6402777777777777
0 0.5890625 0.5097222222222222 0.64375 0.5875 0.61015625 0.6361111111111111 0.54765625 0.5486111111111112
0 0.59921875 0.43472222222222223 0.65078125 0.49444444444444446 0.62109375 0.5416666666666666 0.5578125 0.46805555555555556
0 0.61171875 0.36944444444444446 0.67109375 0.4166666666666667 0.64140625 0.4638888888888889 0.58359375 0.4083333333333333
0 0.6234375 0.31527777777777777 0.67890625 0.3611111111111111 0.65859375 0.3958333333333333 0.6 0.3472222222222222
0 0.64296875 0.275 0.6921875 0.3125 0.6703125 0.3458333333333333 0.61640625 0.30833333333333335
0 0.665625 0.24166666666666667 0.7046875 0.26805555555555555 0.6953125 0.30833333333333335 0.6328125 0.26666666666666666
1 0.4140625 0.8194444444444444 0.43984375 0.925 0.31796875 0.9875 0.29453125 0.8805555555555555
0 0.53515625 0.4444444444444444 0.55234375 0.49583333333333335 0.4734375 0.5388888888888889 0.4546875 0.48333333333333334
0 0.5625 0.375 0.5796875 0.42777777777777776 0.5046875 0.45416666666666666 0.49453125 0.40555555555555556
0 0.57421875 0.3277777777777778 0.5859375 0.37777777777777777 0.50234375 0.4 0.49765625 0.3527777777777778
0 0.60078125 0.2833333333333333 0.6125 0.3236111111111111 0.5484375 0.3472222222222222 0.53359375 0.3013888888888889
0 0.60390625 0.24027777777777778 0.6140625 0.2791666666666667 0.54375 0.2986111111111111 0.53828125 0.25972222222222224
1 0.24609375 0.4041666666666667 0.27578125 0.4777777777777778 0.23125 0.5194444444444445 0.2046875 0.42916666666666664
0 0.290625 0.3472222222222222 0.3140625 0.4083333333333333 0.2765625 0.45 0.25234375 0.37777777777777777
0 0.3171875 0.2972222222222222 0.34765625 0.3527777777777778 0.31640625 0.39305555555555555 0.2828125 0.33055555555555555
0 0.3515625 0.2625 0.38359375 0.3013888888888889 0.35234375 0.3416666666666667 0.32265625 0.29305555555555557
0 0.3796875 0.2152777777777778 0.40703125 0.2625 0.38046875 0.29444444444444445 0.346875 0.25
0 0.39921875 0.1875 0.4265625 0.23055555555555557 0.40859375 0.2638888888888889 0.37578125 0.21805555555555556
1 0.11796875 0.43472222222222223 0.13828125 0.5388888888888889 0.08046875 0.5666666666666667 0.06640625 0.46805555555555556
0 0.165625 0.36666666666666664 0.19375 0.4652777777777778 0.1359375 0.4888888888888889 0.1171875 0.3972222222222222
0 0.21171875 0.32083333333333336 0.23828125 0.4111111111111111 0.18984375 0.43472222222222223 0.16875 0.35694444444444445
0 0.2546875 0.2902777777777778 0.2796875 0.35833333333333334 0.2359375 0.3819444444444444 0.21484375 0.31805555555555554
0 0.28828125 0.24722222222222223 0.309375 0.3111111111111111 0.275 0.33194444444444443 0.25234375 0.2763888888888889
0 0.3125 0.2152777777777778 0.34140625 0.2708333333333333 0.30546875 0.29444444444444445 0.2859375 0.24722222222222223
0 0.346875 0.17916666666666667 0.36953125 0.2375 0.3375 0.25972222222222224 0.31328125 0.21388888888888888